-2.702542  1.2654
2.354276
-1.510280
0.228265
-2.674810
0.815856
-1.896230
1.232633
1.513716
1.985213
-0.395667
-3.329429
-2.168184
3.306699
-2.780976
2.606536
0.306739
3.969078
-3.374596
-0.458574
-3.146778
3.695185
-3.962926
2.199284
2.538426
2.949558
-3.324513
-0.801739
-1.921037
2.400548
-0.548689
3.285181
-2.545224
-1.889577
-2.835688
-2.911452
2.954338
0.637637
0.398882
-2.840362
2.824249
0.976441
-1.192381
0.105996
-0.785536
-3.392266
-2.080671
-3.013449
-2.528738
-2.080380
-0.661863
-3.602765
3.221729
3.558298
-0.073087
-0.085979
-1.298245
3.200431
-1.046026
-3.110378
2.242017
-0.882089
-2.066470
-0.768703
-3.228364
-2.944214
3.536405
3.649076
0.601669
-3.521764
-2.121761
-1.174731
2.569552
-3.876772
-3.655810
-2.648080
1.192924
1.853779
1.181968
-0.392610
0.376071
-1.629434
1.957542
-2.488360
1.494203
-2.531911
-1.052123
1.004948
2.241819
-3.350994
3.435088
2.205701
-0.105667
-0.513131
-0.425730
-1.549204
0.068069
0.086173
2.541022
2.358651
